19.35 96.21 1
31.15 113.25 1
21.41 24.3 1
38.73 84.1 1
18.61 62.07 1
4.05 93.21 1
25.34 99.7 1
45.8 90.06 1
2.88 35.04 1
17.73 58.25 1
37.14 71.37 1
-8.39 168.59 1
31.23 103.7 1
33.22 140.44 1
24.82 76.42 1
9.51 69.61 1
21.39 83.09 1
22.95 44.77 1
36.06 104.2 1
31.83 57.21 1
16.05 16.36 1
46.71 91.75 1
20.71 9.82 1
8.85 0.56 1
14.68 72.19 1
34.86 30.56 1
24.54 31.91 1
35.33 57.06 1
22.58 46.08 1
60.21 55.02 1
-4.42 71.64 1
15.03 23.25 1
20.19 21.38 1
22.89 -8.02 1
44.16 49.39 1
24.92 84.81 1
19.71 38.91 1
22.57 79.34 1
33.2 80.65 1
10.77 95.78 1
28.52 95.73 1
-2.86 39.36 1
20.27 33.72 1
6.84 64.13 1
11.34 40.17 1
25.9 111.29 1
3.99 108.85 1
6.11 65.7 1
-2.09 48.15 1
-13.19 79.66 1
19.14 40.46 1
39.6 58.3 1
18.67 44.68 1
17.86 66.05 1
5.21 100.4 1
46.14 87.44 1
17.62 100.91 1
41.64 31.78 1
27.13 68.54 1
17.41 29.47 1
38.34 75.43 1
36.79 73.44 1
19.77 106.04 1
41.67 99.42 1
49.22 84.44 1
20.48 45.54 1
17.52 46.51 1
27.8 -6.41 1
26.97 47.44 1
34.07 10.4 1
17.52 93.73 1
32.63 92.79 1
37.82 67.14 1
24.26 49.79 1
23.89 67.31 1
1.98 116.41 1
3.25 107.81 1
-1.25 47.44 1
2.13 68.16 1
19.09 24.87 1
-3.64 75.96 1
56.46 87.32 1
33.01 92.73 1
-10.68 11.07 1
3.53 79.45 1
19.83 33.47 1
-5.16 49.85 1
14.34 88.97 1
38.48 72.52 1
18.95 57 1
20.45 82.88 1
5.91 117.4 1
12.85 41.56 1
0.46 17.15 1
27.17 23.46 1
14.46 30.78 1
33.69 39.96 1
40.76 81.87 1
38.27 -7.56 1
20.96 70.43 1
13.66 36.35 1
2.45 99.43 1
23.34 33.76 1
36.43 62.75 1
16.19 31.01 1
18.8 39.61 1
31.09 53.76 1
34.95 54.82 1
-0.55 44.87 1
24.61 100.4 1
24.55 80.98 1
19.15 124.81 1
35.4 53.19 1
15.83 98.33 1
8.64 -8.01 1
25.8 83.95 1
28.66 74.98 1
18.11 49.93 1
33.89 85.86 1
-2.13 91.98 1
4.77 97.22 1
-26.32 76.6 1
29.62 82.69 1
6.08 39.86 1
17.56 25.72 1
37.21 53.51 1
22.29 68.77 1
14.64 94.44 1
8.29 35.95 1
17.76 46.06 1
30.88 162.41 1
-2.1 41.59 1
20.44 127 1
33.68 94.78 1
-0.61 43.76 1
31.92 58.92 1
32.13 55.27 1
7.77 78.4 1
-1.92 108.37 1
28.24 7.49 1
34.08 130.47 1
30.51 88.62 1
33.37 44.06 1
3.1 58.27 1
30.59 72.56 1
12.47 72.45 1
12.76 102.83 1
-2.72 99.12 1
38.62 50.45 1
24.22 58.14 1
3.66 25.58 0
4.46 23.77 0
3.46 24.97 0
3.49 25.82 0
4.46 23.13 0
5.08 26.67 0
3.75 27.19 0
3.68 25.64 0
4.26 25.03 0
4.69 22.67 0
4.62 25.99 0
4.17 22.57 0
3.59 28.18 0
4.4 26.05 0
3.95 25.53 0
4.88 24.21 0
3.1 20.65 0
4.09 22.61 0
4.83 25.73 0
3.68 29.82 0
3.6 26.48 0
3.4 25.62 0
3.82 23.92 0
3.87 25.24 0
4.09 26.92 0
3.43 24.49 0
4.05 28.78 0
3.61 22.56 0
3.76 24.25 0
3.46 25.1 0
3.82 21.09 0
6.29 26.13 0
6.18 25.16 0
4.73 25.16 0
4.5 26.59 0
3.18 27.09 0
3.63 26.6 0
3.6 24.06 0
4.34 24.91 0
4.31 25.71 0
4.07 22.49 0
3.78 22.93 0
3.41 24.15 0
4 25.16 0
4.73 28.58 0
4.27 26.59 0
4.12 24.11 0
4.42 23.74 0
4.37 28.07 0
2.96 30.47 0
4.01 25.33 0
3.73 24.04 0
2.7 22.17 0
3.15 26.95 0
3.8 25.58 0
4.53 27.33 0
3.85 23.18 0
4.17 25.48 0
3.43 23.69 0
2.62 27.55 0
4.06 23.9 0
3.39 24.83 0
4.75 24.3 0
5.11 26.99 0
3.76 25.86 0
4.76 22.99 0
4.61 23.73 0
3.09 22.91 0
3.98 26.01 0
4.17 25.66 0
4.33 21.73 0
4.43 21.19 0
4.43 24.92 0
4.43 26.39 0
3.8 25.34 0
4.24 21.91 0
2.56 21.9 0
3.25 26.73 0
4.77 24.71 0
3.58 24.23 0
4.21 27.63 0
4.97 23.41 0
3.43 25.27 0
3.39 25.84 0
3.68 26.64 0
4.28 23.29 0
3.87 25.71 0
3.37 30.5 0
2.99 21.97 0
3.76 25.87 0
3.86 24.54 0
3.66 23.35 0
3.83 23.34 0
3.3 26 0
4.35 29.63 0
2.61 23.41 0
4.09 26.08 0
4.43 23.88 0
3.46 28.95 0
3.96 26.09 0
